# Rebinned data: ./467486_SMA3p0_DMPC_Aug_RB.dat
# Original data: ./467486_SMA3p0_DMPC_Aug.dat
# q I dI
0.009888 0.014380 0.000157
0.010085 0.014505 0.000111
0.010348 0.014366 0.000106
0.010611 0.014339 0.000103
0.010874 0.014098 0.000098
0.011136 0.013980 0.000095
0.011399 0.013870 0.000091
0.011662 0.013825 0.000088
0.011925 0.013640 0.000085
0.012188 0.013698 0.000085
0.012451 0.013720 0.000083
0.012713 0.013597 0.000080
0.012976 0.013487 0.000078
0.013239 0.013552 0.000076
0.013502 0.013470 0.000074
0.013765 0.013290 0.000073
0.014028 0.013349 0.000071
0.014290 0.013271 0.000071
0.014553 0.012980 0.000069
0.014816 0.013007 0.000068
0.015079 0.012988 0.000067
0.015342 0.012844 0.000066
0.015604 0.012823 0.000065
0.015867 0.012800 0.000065
0.016196 0.012541 0.000052
0.016590 0.012470 0.000051
0.016984 0.012385 0.000050
0.017379 0.012326 0.000049
0.017773 0.012130 0.000048
0.018167 0.012080 0.000047
0.018561 0.011848 0.000046
0.018956 0.011681 0.000046
0.019350 0.011641 0.000045
0.019744 0.011446 0.000044
0.020138 0.011362 0.000044
0.020533 0.011332 0.000043
0.020927 0.011123 0.000042
0.021321 0.010943 0.000042
0.021781 0.010846 0.000035
0.022307 0.010637 0.000035
0.022832 0.010458 0.000035
0.023358 0.010331 0.000034
0.023884 0.010080 0.000033
0.024409 0.009834 0.000033
0.024935 0.009651 0.000033
0.025461 0.009500 0.000032
0.025986 0.009276 0.000032
0.026578 0.009116 0.000028
0.027235 0.008892 0.000027
0.027892 0.008643 0.000027
0.028549 0.008423 0.000026
0.029206 0.008243 0.000026
0.029863 0.007914 0.000026
0.030520 0.007685 0.000026
0.031177 0.007433 0.000026
0.031900 0.007238 0.000023
0.032688 0.006948 0.000023
0.033477 0.006712 0.000023
0.034265 0.006432 0.000023
0.035054 0.006176 0.000023
0.035842 0.005933 0.000022
0.036696 0.005594 0.000020
0.037616 0.005312 0.000019
0.038536 0.005029 0.000019
0.039456 0.004759 0.000019
0.040376 0.004522 0.000019
0.041362 0.004254 0.000017
0.042413 0.003943 0.000017
0.043464 0.003685 0.000017
0.044516 0.003452 0.000017
0.045567 0.003147 0.000017
0.046684 0.002971 0.000016
0.047867 0.002704 0.000017
0.049049 0.002448 0.000017
0.050232 0.002244 0.000017
0.051481 0.002020 0.000016
0.052795 0.001814 0.000016
0.054109 0.001625 0.000016
0.055489 0.001462 0.000015
0.056934 0.001257 0.000015
0.058380 0.001098 0.000144
0.059825 0.000957 0.000101
0.061337 0.000800 0.000015
0.062914 0.000741 0.000017
0.064491 0.000637 0.000015
0.066133 0.000566 0.000037
0.067842 0.000485 0.000026
0.069616 0.000449 0.000017
0.071455 0.000401 0.000019
0.073295 0.000371 0.000016
0.075201 0.000397 0.000139
0.077172 0.000413 0.000022
0.079209 0.000443 0.000014
0.081311 0.000468 0.000061
0.083480 0.000533 0.000015
0.085714 0.000572 0.000015
0.088014 0.000647 0.000014
0.090379 0.000708 0.000013
0.092810 0.000783 0.000028
0.095307 0.000836 0.000011
0.097870 0.000902 0.000010
0.100498 0.000967 0.000010
0.103192 0.001060 0.000011
0.106017 0.001107 0.000014
0.108908 0.001163 0.000010
0.111865 0.001222 0.000011
0.114888 0.001266 0.000010
0.117976 0.001253 0.000012
0.121196 0.001306 0.000008
0.124547 0.001298 0.000008
0.127963 0.001293 0.000008
0.131446 0.001288 0.000012
0.135060 0.001290 0.000008
0.138805 0.001269 0.000025
0.142682 0.001255 0.000018
0.146624 0.001208 0.000007
0.150632 0.001196 0.000007
0.154772 0.001163 0.000007
0.159043 0.001102 0.000006
0.163445 0.001068 0.000007
0.167979 0.001005 0.000030
0.172644 0.000940 0.000012
0.177441 0.000895 0.000006
0.182369 0.000836 0.000008
0.187494 0.000760 0.000007
0.192816 0.000691 0.000006
0.198270 0.000626 0.000006
0.203855 0.000557 0.000011
0.209572 0.000482 0.000022
0.215485 0.000422 0.000008
0.221596 0.000366 0.000219
0.227904 0.000323 0.000038
0.234409 0.000267 0.000006
0.241045 0.000240 0.000014
0.247879 0.000191 0.000013
0.254975 0.000164 0.000013
0.262269 0.000145 0.000016
0.269759 0.000112 0.000047
0.277513 0.000111 0.000016
0.285463 0.000115 0.000043
0.293611 0.000099 0.000154
0.300313 0.000088 0.000030
